service_id,start_date,end_date,monday,tuesday,wednesday,thursday,friday,saturday,sunday
2026-03-02,20260302,20260302,1,1,1,1,1,1,1
2026-03-03,20260303,20260303,1,1,1,1,1,1,1
2026-03-04,20260304,20260304,1,1,1,1,1,1,1
2026-03-05,20260305,20260305,1,1,1,1,1,1,1
2026-03-06,20260306,20260306,1,1,1,1,1,1,1
2026-03-07,20260307,20260307,1,1,1,1,1,1,1
2026-03-08,20260308,20260308,1,1,1,1,1,1,1
2026-03-09,20260309,20260309,1,1,1,1,1,1,1
2026-03-10,20260310,20260310,1,1,1,1,1,1,1
2026-03-11,20260311,20260311,1,1,1,1,1,1,1
2026-03-12,20260312,20260312,1,1,1,1,1,1,1
2026-03-13,20260313,20260313,1,1,1,1,1,1,1
2026-03-14,20260314,20260314,1,1,1,1,1,1,1
2026-03-15,20260315,20260315,1,1,1,1,1,1,1
2026-03-16,20260316,20260316,1,1,1,1,1,1,1
2026-03-17,20260317,20260317,1,1,1,1,1,1,1
2026-03-18,20260318,20260318,1,1,1,1,1,1,1
2026-03-19,20260319,20260319,1,1,1,1,1,1,1
2026-03-20,20260320,20260320,1,1,1,1,1,1,1
2026-03-21,20260321,20260321,1,1,1,1,1,1,1
2026-03-22,20260322,20260322,1,1,1,1,1,1,1
2026-03-23,20260323,20260323,1,1,1,1,1,1,1
2026-03-24,20260324,20260324,1,1,1,1,1,1,1
2026-03-25,20260325,20260325,1,1,1,1,1,1,1
2026-03-26,20260326,20260326,1,1,1,1,1,1,1
2026-03-27,20260327,20260327,1,1,1,1,1,1,1
2026-03-28,20260328,20260328,1,1,1,1,1,1,1
2026-03-29,20260329,20260329,1,1,1,1,1,1,1
2026-03-30,20260330,20260330,1,1,1,1,1,1,1
2026-03-31,20260331,20260331,1,1,1,1,1,1,1
2026-04-01,20260401,20260401,1,1,1,1,1,1,1
2026-04-02,20260402,20260402,1,1,1,1,1,1,1
2026-04-03,20260403,20260403,1,1,1,1,1,1,1
2026-04-04,20260404,20260404,1,1,1,1,1,1,1
2026-04-05,20260405,20260405,1,1,1,1,1,1,1
2026-04-06,20260406,20260406,1,1,1,1,1,1,1
2026-04-07,20260407,20260407,1,1,1,1,1,1,1
2026-04-08,20260408,20260408,1,1,1,1,1,1,1
2026-04-09,20260409,20260409,1,1,1,1,1,1,1
2026-04-10,20260410,20260410,1,1,1,1,1,1,1
2026-04-11,20260411,20260411,1,1,1,1,1,1,1
2026-04-12,20260412,20260412,1,1,1,1,1,1,1
2026-04-13,20260413,20260413,1,1,1,1,1,1,1
2026-04-14,20260414,20260414,1,1,1,1,1,1,1
2026-04-15,20260415,20260415,1,1,1,1,1,1,1
2026-04-16,20260416,20260416,1,1,1,1,1,1,1
2026-04-17,20260417,20260417,1,1,1,1,1,1,1
2026-04-18,20260418,20260418,1,1,1,1,1,1,1
2026-04-19,20260419,20260419,1,1,1,1,1,1,1
2026-04-20,20260420,20260420,1,1,1,1,1,1,1
2026-04-21,20260421,20260421,1,1,1,1,1,1,1
2026-04-22,20260422,20260422,1,1,1,1,1,1,1
2026-04-23,20260423,20260423,1,1,1,1,1,1,1
2026-04-24,20260424,20260424,1,1,1,1,1,1,1
2026-04-25,20260425,20260425,1,1,1,1,1,1,1
2026-04-26,20260426,20260426,1,1,1,1,1,1,1
2026-04-27,20260427,20260427,1,1,1,1,1,1,1
2026-04-28,20260428,20260428,1,1,1,1,1,1,1
2026-04-29,20260429,20260429,1,1,1,1,1,1,1
2026-04-30,20260430,20260430,1,1,1,1,1,1,1
2026-05-01,20260501,20260501,1,1,1,1,1,1,1
2026-05-02,20260502,20260502,1,1,1,1,1,1,1
2026-05-03,20260503,20260503,1,1,1,1,1,1,1
2026-05-04,20260504,20260504,1,1,1,1,1,1,1
2026-05-05,20260505,20260505,1,1,1,1,1,1,1
2026-05-06,20260506,20260506,1,1,1,1,1,1,1
2026-05-07,20260507,20260507,1,1,1,1,1,1,1
2026-05-08,20260508,20260508,1,1,1,1,1,1,1
2026-05-09,20260509,20260509,1,1,1,1,1,1,1
2026-05-10,20260510,20260510,1,1,1,1,1,1,1
2026-05-11,20260511,20260511,1,1,1,1,1,1,1
2026-05-12,20260512,20260512,1,1,1,1,1,1,1
2026-05-13,20260513,20260513,1,1,1,1,1,1,1
2026-05-14,20260514,20260514,1,1,1,1,1,1,1
2026-05-15,20260515,20260515,1,1,1,1,1,1,1
2026-05-16,20260516,20260516,1,1,1,1,1,1,1
2026-05-17,20260517,20260517,1,1,1,1,1,1,1
2026-05-18,20260518,20260518,1,1,1,1,1,1,1
2026-05-19,20260519,20260519,1,1,1,1,1,1,1
2026-05-20,20260520,20260520,1,1,1,1,1,1,1
2026-05-21,20260521,20260521,1,1,1,1,1,1,1
2026-05-22,20260522,20260522,1,1,1,1,1,1,1
2026-05-23,20260523,20260523,1,1,1,1,1,1,1
2026-05-24,20260524,20260524,1,1,1,1,1,1,1
2026-05-25,20260525,20260525,1,1,1,1,1,1,1
2026-05-26,20260526,20260526,1,1,1,1,1,1,1
2026-05-27,20260527,20260527,1,1,1,1,1,1,1
2026-05-28,20260528,20260528,1,1,1,1,1,1,1
2026-05-29,20260529,20260529,1,1,1,1,1,1,1
2026-05-30,20260530,20260530,1,1,1,1,1,1,1
2026-05-31,20260531,20260531,1,1,1,1,1,1,1
2026-06-01,20260601,20260601,1,1,1,1,1,1,1
2026-06-02,20260602,20260602,1,1,1,1,1,1,1
2026-06-03,20260603,20260603,1,1,1,1,1,1,1
2026-06-04,20260604,20260604,1,1,1,1,1,1,1
2026-06-05,20260605,20260605,1,1,1,1,1,1,1
2026-06-06,20260606,20260606,1,1,1,1,1,1,1
2026-06-07,20260607,20260607,1,1,1,1,1,1,1
2026-06-08,20260608,20260608,1,1,1,1,1,1,1
2026-06-09,20260609,20260609,1,1,1,1,1,1,1
2026-06-10,20260610,20260610,1,1,1,1,1,1,1
